1   1   1          -160.175425000000
2   1   1            -6.718175000000
2   2   1            75.552955000000
2   2   2           -17.182263333333
3   1   1           -12.256105000000
3   2   1             0.149370000000
3   2   2           -27.908630000000
3   3   1            31.983365000000
3   3   2           -55.130070000000
3   3   3           -38.045533333333
4   1   1            -2.843830000000
4   2   1            11.174750000000
4   2   2             7.402320000000
4   3   1           103.264000000000
4   3   2            -8.698580000000
4   3   3            22.005730000000
4   4   1           146.375340000000
4   4   2           -53.709300000000
4   4   3           -27.518990000000
4   4   4            -2.653498333333
5   1   1            11.496815000000
5   2   1           -13.289830000000
5   2   2             6.428145000000
5   3   1             1.309790000000
5   3   2            37.498270000000
5   3   3            27.932045000000
5   4   1            47.778100000000
5   4   2            32.913620000000
5   4   3            44.131660000000
5   4   4           -22.307415000000
5   5   1            14.602840000000
5   5   2           -38.269705000000
5   5   3           -82.582690000000
5   5   4            37.699155000000
5   5   5             3.142750000000
6   6   1          -511.109175000000
6   6   2            46.765755000000
6   6   3           -14.127890000000
6   6   4             3.825200000000
6   6   5            10.644605000000
7   6   1             7.003130000000
7   6   2          -201.026220000000
7   6   3           -18.824080000000
7   6   4          -118.619520000000
7   6   5           -12.642850000000
7   7   1           112.279965000000
7   7   2            28.114355000000
7   7   3           -24.760815000000
7   7   4            15.123595000000
7   7   5            24.061955000000
8   6   1             7.175720000000
8   6   2           107.074310000000
8   6   3          -117.262920000000
8   6   4          -271.559470000000
8   6   5           -57.824710000000
8   7   1            -4.546500000000
8   7   2           -17.281030000000
8   7   4            -8.606550000000
8   7   5            51.042750000000
8   8   1           163.221730000000
8   8   2            14.463960000000
8   8   3           -25.610630000000
8   8   4             3.072835000000
8   8   5           -18.466600000000
13  13   1          -505.726340000000
13  13   2            45.782170000000
13  13   3           -16.536040000000
13  13   4             5.225805000000
13  13   5            13.565450000000
14  13   1            14.655620000000
14  13   2           166.270830000000
14  13   3           -83.788010000000
14  13   4          -152.852480000000
14  13   5           -39.005570000000
14  14   1           116.785600000000
14  14   2            18.064410000000
14  14   3           -34.697475000000
14  14   4             5.985670000000
14  14   5           -30.082770000000
15  13   1            43.670550000000
15  13   2          -218.538010000000
15  13   3           -65.952820000000
15  13   4          -275.363900000000
15  13   5           -57.355440000000
15  14   1           -36.578430000000
15  14   2           -27.279190000000
15  14   3             6.528430000000
15  14   4             3.078170000000
15  14   5            12.354830000000
15  15   1           233.151210000000
15  15   2            33.932875000000
15  15   3           -14.008975000000
15  15   4            21.019335000000
15  15   5            15.650585000000
13   9   6         -1015.931920000000
13   9   7            -0.572300000000
13   9   8             7.399390000000
14   9   6            17.485780000000
14   9   7          -107.232320000000
14   9   8           247.070400000000
15   9   6            46.162080000000
15   9   7           300.830650000000
15   9   8           136.072210000000
9   9   1          -482.033645000000
9   9   2            -3.259065000000
9   9   3           -10.892755000000
9   9   4            -3.784785000000
9   9   5            11.551495000000
13  10   6          -101.125990000000
13  10   7           192.988630000000
13  10   8          -103.672690000000
14  10   6          -166.150830000000
14  10   7            40.542990000000
14  10   8           -42.597240000000
15  10   6           222.945620000000
15  10   7           -62.902840000000
15  10   8           -13.831370000000
10   9   1            -1.252570000000
10   9   2          -139.437930000000
10   9   3            10.054810000000
10   9   4           -13.429010000000
10   9   5             7.870370000000
10  10   1            68.963810000000
10  10   2           -36.542665000000
10  10   3            -3.136690000000
10  10   4            -3.098440000000
10  10   5            -4.238495000000
13  11   6            -9.078040000000
13  11   7           113.473380000000
13  11   8           284.567790000000
14  11   6           163.851070000000
14  11   7           -15.665480000000
14  11   8            39.594020000000
15  11   6           279.488670000000
15  11   7           -21.712630000000
15  11   8           -16.929520000000
11   9   1             3.313200000000
11   9   2            -7.606140000000
11   9   3          -102.927760000000
11   9   4          -287.741390000000
11   9   5           -53.278640000000
11  10   1             8.066800000000
11  10   2           -13.125790000000
11  10   3           -16.621340000000
11  10   4           -61.904570000000
11  10   5            11.230000000000
11  11   1           148.288805000000
11  11   2           -34.833590000000
11  11   3           -16.548925000000
11  11   4           -14.120310000000
11  11   5             3.257905000000
13  12   6           -68.538050000000
13  12   7             9.714270000000
13  12   8          -117.443820000000
14  12   6           -94.546230000000
14  12   7           -18.994580000000
14  12   8            66.823690000000
15  12   6           -33.641580000000
15  12   7             0.933190000000
15  12   8            33.859470000000
12   9   1           -46.723350000000
12   9   2           -30.903910000000
12   9   3            49.061090000000
12   9   4            84.716730000000
12   9   5            28.465550000000
12  10   1            32.527890000000
12  10   2           -23.835030000000
12  10   3            15.885120000000
12  10   4            23.665570000000
12  10   5             8.082660000000
12  11   1           -97.710170000000
12  11   2            26.384270000000
12  11   3           -41.638300000000
12  11   4           -54.539010000000
12  11   5           -35.610600000000
12  12   1            12.540995000000
12  12   2           -39.879140000000
12  12   3           -60.209705000000
12  12   4            85.727740000000
12  12   5           -96.897900000000
