1   1          1558.938300000000
2   2           774.536950000000
3   3           650.054050000000
4   4           578.952950000000
5   5           449.782050000000
6   6          1598.280050000000
7   7           588.022650000000
8   8           526.115600000000
9   9          1554.729200000000
10  10           756.175000000000
11  11           578.401200000000
12  12           425.089850000000
13  13          1605.632450000000
14  14           587.496500000000
15  15           407.757500000000